account,email,owner,marketplace,session,period,market,target,order,original,supplier,consumer,type,side,units,price,createdDate,lastModifiedDate
choice-moving,Surfer14@bmm,4852,320,6651,6651,630,NULL,1312270,1312270,1312270,1312542,LIMIT,BUY,1,1,2018-08-30T04:21:35.593,2018-08-30T04:26:45.851
choice-moving,Surfer14@bmm,4852,320,6651,6651,630,NULL,1312271,1312271,1312271,1312539,LIMIT,BUY,1,2,2018-08-30T04:21:37.585,2018-08-30T04:26:45.445
choice-moving,Surfer14@bmm,4852,320,6651,6651,630,NULL,1312272,1312272,1312272,1312537,LIMIT,BUY,1,3,2018-08-30T04:21:38.738,2018-08-30T04:26:45.082
choice-moving,Surfer14@bmm,4852,320,6651,6651,630,NULL,1312273,1312273,1312273,1312536,LIMIT,BUY,1,4,2018-08-30T04:21:40.034,2018-08-30T04:26:44.636
choice-moving,Surfer14@bmm,4852,320,6651,6651,630,NULL,1312274,1312274,1312274,1312534,LIMIT,BUY,1,5,2018-08-30T04:21:41.090,2018-08-30T04:26:43.636
choice-moving,Surfer14@bmm,4852,320,6651,6651,631,NULL,1312275,1312275,1312275,1312641,LIMIT,BUY,1,1,2018-08-30T04:21:44.459,2018-08-30T04:28:04.083
choice-moving,Surfer4@bmm,4842,320,6651,6651,630,NULL,1312276,1312276,1312276,1312320,LIMIT,BUY,1,6,2018-08-30T04:21:44.652,2018-08-30T04:23:08.182
choice-moving,Surfer14@bmm,4852,320,6651,6651,631,NULL,1312277,1312277,1312277,1312637,LIMIT,BUY,1,2,2018-08-30T04:21:45.379,2018-08-30T04:28:03.644
choice-moving,Surfer14@bmm,4852,320,6651,6651,631,NULL,1312278,1312278,1312278,1312634,LIMIT,BUY,1,3,2018-08-30T04:21:46.226,2018-08-30T04:28:03.169
choice-moving,Surfer14@bmm,4852,320,6651,6651,631,NULL,1312279,1312279,1312279,1312633,LIMIT,BUY,1,4,2018-08-30T04:21:47.202,2018-08-30T04:28:02.753
choice-moving,Surfer14@bmm,4852,320,6651,6651,631,NULL,1312280,1312280,1312280,1312632,LIMIT,BUY,1,5,2018-08-30T04:21:48.246,2018-08-30T04:28:02.063
choice-moving,Surfer3@bmm,4841,320,6651,6651,630,NULL,1312281,1312281,1312281,NULL,LIMIT,BUY,1,11,2018-08-30T04:21:50.042,2018-08-30T04:21:50.046
choice-moving,Surfer14@bmm,4852,320,6651,6651,632,NULL,1312282,1312282,1312282,1312654,LIMIT,BUY,1,1,2018-08-30T04:21:51.616,2018-08-30T04:28:16.427
choice-moving,Surfer14@bmm,4852,320,6651,6651,632,NULL,1312283,1312283,1312283,1312652,LIMIT,BUY,1,2,2018-08-30T04:21:52.675,2018-08-30T04:28:14.449
choice-moving,Surfer14@bmm,4852,320,6651,6651,632,NULL,1312284,1312284,1312284,1312651,LIMIT,BUY,1,3,2018-08-30T04:21:53.597,2018-08-30T04:28:13.983
choice-moving,Surfer14@bmm,4852,320,6651,6651,632,NULL,1312285,1312285,1312285,1312650,LIMIT,BUY,1,4,2018-08-30T04:21:54.481,2018-08-30T04:28:13.162
choice-moving,Surfer14@bmm,4852,320,6651,6651,632,NULL,1312286,1312286,1312286,1312648,LIMIT,BUY,1,5,2018-08-30T04:21:55.350,2018-08-30T04:28:11.812
choice-moving,Surfer11@bmm,4849,320,6651,6651,630,NULL,1312287,1312287,1312287,1312335,LIMIT,BUY,1,12,2018-08-30T04:21:57.827,2018-08-30T04:23:23.648
choice-moving,Surfer14@bmm,4852,320,6651,6651,633,NULL,1312288,1312288,1312288,1312331,LIMIT,BUY,1,1,2018-08-30T04:21:59.368,2018-08-30T04:23:21.226
choice-moving,Surfer14@bmm,4852,320,6651,6651,633,NULL,1312289,1312289,1312289,1312326,LIMIT,BUY,1,2,2018-08-30T04:22:00.195,2018-08-30T04:23:16.229
choice-moving,Surfer14@bmm,4852,320,6651,6651,633,NULL,1312290,1312290,1312290,1312323,LIMIT,BUY,1,3,2018-08-30T04:22:01.028,2018-08-30T04:23:11.596
choice-moving,Surfer14@bmm,4852,320,6651,6651,633,NULL,1312291,1312291,1312291,1312317,LIMIT,BUY,1,4,2018-08-30T04:22:02.197,2018-08-30T04:23:06.132
choice-moving,Surfer14@bmm,4852,320,6651,6651,633,NULL,1312292,1312292,1312292,1312310,LIMIT,BUY,1,5,2018-08-30T04:22:02.995,2018-08-30T04:22:55.755
choice-moving,Surfer4@bmm,4842,320,6651,6651,630,NULL,1312293,1312293,1312293,1312300,LIMIT,BUY,1,13,2018-08-30T04:22:04.204,2018-08-30T04:22:19.546
choice-moving,Surfer14@bmm,4852,320,6651,6651,633,NULL,1312294,1312294,1312294,1312302,LIMIT,BUY,1,6,2018-08-30T04:22:04.433,2018-08-30T04:22:35.340
choice-moving,Surfer3@bmm,4841,320,6651,6651,631,NULL,1312295,1312295,1312295,NULL,LIMIT,BUY,1,11,2018-08-30T04:22:06.132,2018-08-30T04:22:06.136
choice-moving,Surfer6@bmm,4844,320,6651,6651,632,NULL,1312296,1312296,1312296,1312530,LIMIT,BUY,1,50,2018-08-30T04:22:08.361,2018-08-30T04:26:38.953
choice-moving,Surfer11@bmm,4849,320,6651,6651,631,NULL,1312297,1312297,1312297,1312304,LIMIT,BUY,1,12,2018-08-30T04:22:08.537,2018-08-30T04:22:37.503
choice-moving,Surfer4@bmm,4842,320,6651,6651,631,NULL,1312298,1312298,1312298,1312365,LIMIT,BUY,1,12,2018-08-30T04:22:09.083,2018-08-30T04:23:58.406
choice-moving,Surfer9@bmm,4847,320,6651,6651,630,NULL,1312299,1312299,1312299,0,LIMIT,SELL,1,5,2018-08-30T04:22:19.533,2018-08-30T04:22:19.545
choice-moving,Surfer9@bmm,4847,320,6651,6651,630,NULL,1312300,1312299,1312299,1312293,LIMIT,SELL,1,13,2018-08-30T04:22:19.541,2018-08-30T04:22:19.546
choice-moving,Surfer6@bmm,4844,320,6651,6651,632,NULL,1312301,1312301,1312301,1312524,LIMIT,BUY,1,50,2018-08-30T04:22:25.703,2018-08-30T04:26:36.771
choice-moving,Surfer10@bmm,4848,320,6651,6651,633,NULL,1312302,1312302,1312302,1312294,LIMIT,SELL,1,6,2018-08-30T04:22:35.329,2018-08-30T04:22:35.340
choice-moving,Surfer8@bmm,4846,320,6651,6651,631,NULL,1312303,1312303,1312303,0,LIMIT,SELL,1,10,2018-08-30T04:22:37.491,2018-08-30T04:22:37.503
choice-moving,Surfer8@bmm,4846,320,6651,6651,631,NULL,1312304,1312303,1312303,1312297,LIMIT,SELL,1,12,2018-08-30T04:22:37.499,2018-08-30T04:22:37.503
choice-moving,Surfer11@bmm,4849,320,6651,6651,632,NULL,1312305,1312305,1312305,1312339,LIMIT,BUY,1,52,2018-08-30T04:22:40.120,2018-08-30T04:23:29.863
choice-moving,Surfer18@bmm,4856,320,6651,6651,630,NULL,1312306,1312306,1312306,1312484,LIMIT,BUY,1,10,2018-08-30T04:22:46.624,2018-08-30T04:25:44.723
choice-moving,Surfer4@bmm,4842,320,6651,6651,633,NULL,1312307,1312307,1312307,1312678,LIMIT,SELL,1,78,2018-08-30T04:22:47.762,2018-08-30T04:29:10.387
choice-moving,Surfer8@bmm,4846,320,6651,6651,630,NULL,1312308,1312308,1312308,1312338,LIMIT,BUY,1,15,2018-08-30T04:22:51.477,2018-08-30T04:23:28.451
choice-moving,Surfer16@bmm,4854,320,6651,6651,633,NULL,1312309,1312309,1312309,1312311,LIMIT,SELL,4,9,2018-08-30T04:22:54.569,2018-08-30T04:22:57.766
choice-moving,Surfer2@bmm,4840,320,6651,6651,633,NULL,1312310,1312310,1312310,1312292,LIMIT,SELL,1,5,2018-08-30T04:22:55.748,2018-08-30T04:22:55.755
choice-moving,Surfer16@bmm,4854,320,6651,6651,633,NULL,1312311,1312309,1312309,1312309,CANCEL,SELL,4,9,2018-08-30T04:22:57.758,2018-08-30T04:22:57.766
choice-moving,Surfer16@bmm,4854,320,6651,6651,633,NULL,1312312,1312309,1312309,1312312,CANCEL,SELL,4,9,2018-08-30T04:22:58.023,2018-08-30T04:22:58.029
choice-moving,Surfer10@bmm,4848,320,6651,6651,633,NULL,1312313,1312313,1312313,1312574,LIMIT,SELL,1,59,2018-08-30T04:22:58.455,2018-08-30T04:27:02.580
choice-moving,Surfer4@bmm,4842,320,6651,6651,633,NULL,1312314,1312314,1312314,1312566,LIMIT,SELL,1,14,2018-08-30T04:23:03.001,2018-08-30T04:26:57.856
choice-moving,Surfer11@bmm,4849,320,6651,6651,631,NULL,1312315,1312315,1312315,1312336,LIMIT,BUY,1,13,2018-08-30T04:23:03.013,2018-08-30T04:23:25.126
choice-moving,Surfer6@bmm,4844,320,6651,6651,633,NULL,1312316,1312316,1312316,0,LIMIT,SELL,1,2,2018-08-30T04:23:06.122,2018-08-30T04:23:06.132
choice-moving,Surfer6@bmm,4844,320,6651,6651,633,NULL,1312317,1312316,1312316,1312291,LIMIT,SELL,1,4,2018-08-30T04:23:06.128,2018-08-30T04:23:06.132
choice-moving,Surfer4@bmm,4842,320,6651,6651,630,NULL,1312318,1312318,1312318,1312329,LIMIT,BUY,1,16,2018-08-30T04:23:06.818,2018-08-30T04:23:17.454
choice-moving,Surfer16@bmm,4854,320,6651,6651,633,NULL,1312319,1312319,1312319,1312442,LIMIT,SELL,4,75,2018-08-30T04:23:06.990,2018-08-30T04:24:50.460
choice-moving,Surfer4@bmm,4842,320,6651,6651,630,NULL,1312320,1312276,1312276,1312276,CANCEL,BUY,1,6,2018-08-30T04:23:08.176,2018-08-30T04:23:08.182
choice-moving,Surfer18@bmm,4856,320,6651,6651,633,NULL,1312321,1312321,1312321,NULL,LIMIT,SELL,1,24,2018-08-30T04:23:08.378,2018-08-30T04:23:08.381
choice-moving,Surfer6@bmm,4844,320,6651,6651,633,NULL,1312322,1312322,1312322,0,LIMIT,SELL,1,2,2018-08-30T04:23:11.585,2018-08-30T04:23:11.595
choice-moving,Surfer6@bmm,4844,320,6651,6651,633,NULL,1312323,1312322,1312322,1312290,LIMIT,SELL,1,3,2018-08-30T04:23:11.592,2018-08-30T04:23:11.596
choice-moving,Surfer4@bmm,4842,320,6651,6651,631,NULL,1312324,1312324,1312324,1312367,LIMIT,BUY,1,14,2018-08-30T04:23:12.748,2018-08-30T04:23:59.452
choice-moving,Surfer2@bmm,4840,320,6651,6651,633,NULL,1312325,1312325,1312325,1312476,LIMIT,SELL,1,3,2018-08-30T04:23:16.170,2018-08-30T04:25:32.107
choice-moving,Surfer6@bmm,4844,320,6651,6651,633,NULL,1312326,1312326,1312326,1312289,LIMIT,SELL,1,2,2018-08-30T04:23:16.223,2018-08-30T04:23:16.229
choice-moving,Surfer4@bmm,4842,320,6651,6651,632,NULL,1312327,1312327,1312327,1312453,LIMIT,BUY,1,53,2018-08-30T04:23:16.293,2018-08-30T04:25:11.608
choice-moving,Surfer15@bmm,4853,320,6651,6651,630,NULL,1312328,1312328,1312328,0,LIMIT,SELL,1,0,2018-08-30T04:23:17.443,2018-08-30T04:23:17.454
choice-moving,Surfer15@bmm,4853,320,6651,6651,630,NULL,1312329,1312328,1312328,1312318,LIMIT,SELL,1,16,2018-08-30T04:23:17.449,2018-08-30T04:23:17.454
choice-moving,Surfer6@bmm,4844,320,6651,6651,633,NULL,1312330,1312330,1312330,1312467,LIMIT,SELL,1,2,2018-08-30T04:23:18.927,2018-08-30T04:25:24.848
choice-moving,Surfer2@bmm,4840,320,6651,6651,633,NULL,1312331,1312331,1312331,1312288,LIMIT,SELL,1,1,2018-08-30T04:23:21.219,2018-08-30T04:23:21.226
choice-moving,Surfer13@bmm,4851,320,6651,6651,632,NULL,1312332,1312332,1312332,NULL,LIMIT,BUY,1,48,2018-08-30T04:23:21.537,2018-08-30T04:23:21.540
choice-moving,Surfer9@bmm,4847,320,6651,6651,631,NULL,1312333,1312333,1312333,1312361,LIMIT,BUY,1,80,2018-08-30T04:23:21.891,2018-08-30T04:23:55.085
choice-moving,Surfer9@bmm,4847,320,6651,6651,631,NULL,1312334,1312334,1312334,1312487,LIMIT,BUY,1,80,2018-08-30T04:23:22.817,2018-08-30T04:25:49.160
choice-moving,Surfer11@bmm,4849,320,6651,6651,630,NULL,1312335,1312287,1312287,1312287,CANCEL,BUY,1,12,2018-08-30T04:23:23.642,2018-08-30T04:23:23.647
choice-moving,Surfer11@bmm,4849,320,6651,6651,631,NULL,1312336,1312315,1312315,1312315,CANCEL,BUY,1,13,2018-08-30T04:23:25.120,2018-08-30T04:23:25.126
choice-moving,Surfer15@bmm,4853,320,6651,6651,630,NULL,1312337,1312337,1312337,0,LIMIT,SELL,1,1,2018-08-30T04:23:28.437,2018-08-30T04:23:28.451
choice-moving,Surfer15@bmm,4853,320,6651,6651,630,NULL,1312338,1312337,1312337,1312308,LIMIT,SELL,1,15,2018-08-30T04:23:28.447,2018-08-30T04:23:28.458
choice-moving,Surfer11@bmm,4849,320,6651,6651,632,NULL,1312339,1312305,1312305,1312305,CANCEL,BUY,1,52,2018-08-30T04:23:29.857,2018-08-30T04:23:29.863
choice-moving,Surfer17@bmm,4855,320,6651,6651,630,NULL,1312340,1312340,1312340,1312343,LIMIT,SELL,1,18,2018-08-30T04:23:32.322,2018-08-30T04:23:34.877
choice-moving,Surfer16@bmm,4854,320,6651,6651,630,NULL,1312341,1312341,1312341,NULL,LIMIT,BUY,1,1,2018-08-30T04:23:33.418,2018-08-30T04:23:33.421
choice-moving,Surfer3@bmm,4841,320,6651,6651,630,NULL,1312342,1312342,1312342,0,LIMIT,BUY,1,20,2018-08-30T04:23:34.865,2018-08-30T04:23:34.877
choice-moving,Surfer3@bmm,4841,320,6651,6651,630,NULL,1312343,1312342,1312342,1312340,LIMIT,BUY,1,18,2018-08-30T04:23:34.872,2018-08-30T04:23:34.877
choice-moving,Surfer11@bmm,4849,320,6651,6651,630,NULL,1312344,1312344,1312344,1312349,LIMIT,BUY,1,12,2018-08-30T04:23:35.017,2018-08-30T04:23:39.413
choice-moving,Surfer6@bmm,4844,320,6651,6651,631,NULL,1312345,1312345,1312345,1312480,LIMIT,BUY,1,50,2018-08-30T04:23:36.541,2018-08-30T04:25:35.060
choice-moving,Surfer8@bmm,4846,320,6651,6651,632,NULL,1312346,1312346,1312346,NULL,LIMIT,BUY,1,15,2018-08-30T04:23:37.931,2018-08-30T04:23:37.934
choice-moving,Surfer2@bmm,4840,320,6651,6651,630,NULL,1312347,1312347,1312347,NULL,LIMIT,BUY,1,12,2018-08-30T04:23:38.805,2018-08-30T04:23:38.808
choice-moving,Surfer15@bmm,4853,320,6651,6651,630,NULL,1312348,1312348,1312348,0,LIMIT,SELL,1,6,2018-08-30T04:23:39.403,2018-08-30T04:23:39.413
choice-moving,Surfer15@bmm,4853,320,6651,6651,630,NULL,1312349,1312348,1312348,1312344,LIMIT,SELL,1,12,2018-08-30T04:23:39.409,2018-08-30T04:23:39.413
choice-moving,Surfer1@bmm,4839,320,6651,6651,630,NULL,1312350,1312350,1312350,1312417,LIMIT,BUY,1,47,2018-08-30T04:23:41.081,2018-08-30T04:24:43.030
choice-moving,Surfer9@bmm,4847,320,6651,6651,630,NULL,1312351,1312351,1312351,1312376,LIMIT,BUY,1,80,2018-08-30T04:23:42.873,2018-08-30T04:24:07.341
choice-moving,Surfer9@bmm,4847,320,6651,6651,630,NULL,1312352,1312352,1312352,1312448,LIMIT,BUY,1,80,2018-08-30T04:23:43.903,2018-08-30T04:25:05.295
choice-moving,Surfer16@bmm,4854,320,6651,6651,632,NULL,1312353,1312353,1312353,NULL,LIMIT,BUY,1,1,2018-08-30T04:23:44.407,2018-08-30T04:23:44.410
choice-moving,Surfer12@bmm,4850,320,6651,6651,632,NULL,1312354,1312354,1312354,1312460,LIMIT,BUY,1,50,2018-08-30T04:23:46.345,2018-08-30T04:25:18.993
choice-moving,Surfer1@bmm,4839,320,6651,6651,631,NULL,1312355,1312355,1312355,1312450,LIMIT,BUY,1,70,2018-08-30T04:23:48.755,2018-08-30T04:25:09.436
choice-moving,Surfer16@bmm,4854,320,6651,6651,631,NULL,1312356,1312356,1312356,NULL,LIMIT,BUY,1,1,2018-08-30T04:23:49.865,2018-08-30T04:23:49.867
choice-moving,Surfer10@bmm,4848,320,6651,6651,630,NULL,1312357,1312357,1312357,1312369,LIMIT,BUY,1,82,2018-08-30T04:23:51.378,2018-08-30T04:23:59.653
choice-moving,Surfer16@bmm,4854,320,6651,6651,630,NULL,1312358,1312358,1312358,NULL,LIMIT,BUY,1,2,2018-08-30T04:23:53.464,2018-08-30T04:23:53.467
choice-moving,Surfer1@bmm,4839,320,6651,6651,632,NULL,1312359,1312359,1312359,1312363,LIMIT,SELL,1,68,2018-08-30T04:23:54.869,2018-08-30T04:23:56.803
choice-moving,Surfer8@bmm,4846,320,6651,6651,631,NULL,1312360,1312360,1312360,0,LIMIT,SELL,1,40,2018-08-30T04:23:55.074,2018-08-30T04:23:55.085
choice-moving,Surfer8@bmm,4846,320,6651,6651,631,NULL,1312361,1312360,1312360,1312333,LIMIT,SELL,1,80,2018-08-30T04:23:55.081,2018-08-30T04:23:55.085
choice-moving,Surfer9@bmm,4847,320,6651,6651,632,NULL,1312362,1312362,1312362,0,LIMIT,BUY,1,80,2018-08-30T04:23:56.792,2018-08-30T04:23:56.803
choice-moving,Surfer9@bmm,4847,320,6651,6651,632,NULL,1312363,1312362,1312362,1312359,LIMIT,BUY,1,68,2018-08-30T04:23:56.799,2018-08-30T04:23:56.803
choice-moving,Surfer4@bmm,4842,320,6651,6651,631,NULL,1312364,1312364,1312364,1312465,LIMIT,BUY,1,81,2018-08-30T04:23:57.242,2018-08-30T04:25:24.374
choice-moving,Surfer4@bmm,4842,320,6651,6651,631,NULL,1312365,1312298,1312298,1312298,CANCEL,BUY,1,12,2018-08-30T04:23:58.401,2018-08-30T04:23:58.406
choice-moving,Surfer9@bmm,4847,320,6651,6651,632,NULL,1312366,1312366,1312366,1312485,LIMIT,BUY,1,80,2018-08-30T04:23:58.850,2018-08-30T04:25:45.958
choice-moving,Surfer4@bmm,4842,320,6651,6651,631,NULL,1312367,1312324,1312324,1312324,CANCEL,BUY,1,14,2018-08-30T04:23:59.446,2018-08-30T04:23:59.452
choice-moving,Surfer17@bmm,4855,320,6651,6651,630,NULL,1312368,1312368,1312368,0,LIMIT,SELL,1,81,2018-08-30T04:23:59.642,2018-08-30T04:23:59.653
choice-moving,Surfer17@bmm,4855,320,6651,6651,630,NULL,1312369,1312368,1312368,1312357,LIMIT,SELL,1,82,2018-08-30T04:23:59.648,2018-08-30T04:23:59.653
choice-moving,Surfer1@bmm,4839,320,6651,6651,632,NULL,1312370,1312370,1312370,1312445,LIMIT,BUY,1,68,2018-08-30T04:24:03.051,2018-08-30T04:24:55.776
choice-moving,Surfer4@bmm,4842,320,6651,6651,631,NULL,1312371,1312371,1312371,1312420,LIMIT,BUY,1,82,2018-08-30T04:24:03.058,2018-08-30T04:24:43.531
choice-moving,Surfer15@bmm,4853,320,6651,6651,630,NULL,1312372,1312372,1312372,1312374,LIMIT,SELL,1,82,2018-08-30T04:24:03.251,2018-08-30T04:24:06.930
choice-moving,Surfer16@bmm,4854,320,6651,6651,632,NULL,1312373,1312373,1312373,NULL,LIMIT,BUY,1,3,2018-08-30T04:24:05.292,2018-08-30T04:24:05.295
choice-moving,Surfer2@bmm,4840,320,6651,6651,630,NULL,1312374,1312374,1312374,1312372,LIMIT,BUY,1,82,2018-08-30T04:24:06.921,2018-08-30T04:24:06.930
choice-moving,Surfer17@bmm,4855,320,6651,6651,630,NULL,1312375,1312375,1312375,0,LIMIT,SELL,1,76,2018-08-30T04:24:07.331,2018-08-30T04:24:07.341
choice-moving,Surfer17@bmm,4855,320,6651,6651,630,NULL,1312376,1312375,1312375,1312351,LIMIT,SELL,1,80,2018-08-30T04:24:07.337,2018-08-30T04:24:07.341
choice-moving,Surfer3@bmm,4841,320,6651,6651,632,NULL,1312377,1312377,1312377,1312384,LIMIT,SELL,1,81,2018-08-30T04:24:08.610,2018-08-30T04:24:11.817
choice-moving,Surfer4@bmm,4842,320,6651,6651,630,NULL,1312378,1312378,1312378,1312444,LIMIT,BUY,2,82,2018-08-30T04:24:09.020,2018-08-30T04:24:55.326
choice-moving,Surfer4@bmm,4842,320,6651,6651,630,NULL,1312379,1312379,1312379,1312382,LIMIT,BUY,2,82,2018-08-30T04:24:09.522,2018-08-30T04:24:11.162
choice-moving,Surfer16@bmm,4854,320,6651,6651,632,NULL,1312380,1312380,1312380,NULL,LIMIT,BUY,1,3,2018-08-30T04:24:10.232,2018-08-30T04:24:10.235
choice-moving,Surfer13@bmm,4851,320,6651,6651,631,NULL,1312381,1312381,1312381,NULL,LIMIT,BUY,1,12,2018-08-30T04:24:11.114,2018-08-30T04:24:11.117
choice-moving,Surfer4@bmm,4842,320,6651,6651,630,NULL,1312382,1312379,1312379,1312379,CANCEL,BUY,2,82,2018-08-30T04:24:11.155,2018-08-30T04:24:11.161
choice-moving,Surfer1@bmm,4839,320,6651,6651,631,NULL,1312383,1312383,1312383,1312464,LIMIT,BUY,1,73,2018-08-30T04:24:11.371,2018-08-30T04:25:23.139
choice-moving,Surfer3@bmm,4841,320,6651,6651,632,NULL,1312384,1312377,1312377,1312377,CANCEL,SELL,1,81,2018-08-30T04:24:11.811,2018-08-30T04:24:11.817
choice-moving,Surfer10@bmm,4848,320,6651,6651,630,NULL,1312385,1312385,1312385,1312389,LIMIT,BUY,1,84,2018-08-30T04:24:16.327,2018-08-30T04:24:18.324
choice-moving,Surfer3@bmm,4841,320,6651,6651,632,NULL,1312386,1312386,1312386,1312529,LIMIT,BUY,1,81,2018-08-30T04:24:17.071,2018-08-30T04:26:38.850
choice-moving,Surfer4@bmm,4842,320,6651,6651,632,NULL,1312387,1312387,1312387,1312463,LIMIT,BUY,1,81,2018-08-30T04:24:17.087,2018-08-30T04:25:21.752
choice-moving,Surfer17@bmm,4855,320,6651,6651,630,NULL,1312388,1312388,1312388,0,LIMIT,SELL,1,78,2018-08-30T04:24:18.314,2018-08-30T04:24:18.324
choice-moving,Surfer17@bmm,4855,320,6651,6651,630,NULL,1312389,1312388,1312388,1312385,LIMIT,SELL,1,84,2018-08-30T04:24:18.320,2018-08-30T04:24:18.325
choice-moving,Surfer6@bmm,4844,320,6651,6651,630,NULL,1312390,1312390,1312390,1312395,LIMIT,BUY,1,85,2018-08-30T04:24:22.133,2018-08-30T04:24:27.013
choice-moving,Surfer15@bmm,4853,320,6651,6651,631,NULL,1312391,1312391,1312391,NULL,LIMIT,BUY,1,40,2018-08-30T04:24:24.575,2018-08-30T04:24:24.578
choice-moving,Surfer1@bmm,4839,320,6651,6651,630,NULL,1312392,1312392,1312392,1312415,LIMIT,BUY,1,78,2018-08-30T04:24:24.957,2018-08-30T04:24:40.898
choice-moving,Surfer13@bmm,4851,320,6651,6651,630,NULL,1312393,1312393,1312393,NULL,LIMIT,BUY,1,5,2018-08-30T04:24:26.897,2018-08-30T04:24:26.905
choice-moving,Surfer8@bmm,4846,320,6651,6651,630,NULL,1312394,1312394,1312394,0,LIMIT,SELL,1,70,2018-08-30T04:24:27.001,2018-08-30T04:24:27.012
choice-moving,Surfer8@bmm,4846,320,6651,6651,630,NULL,1312395,1312394,1312394,1312390,LIMIT,SELL,1,85,2018-08-30T04:24:27.008,2018-08-30T04:24:27.013
choice-moving,Surfer5@bmm,4843,320,6651,6651,630,NULL,1312396,1312396,1312396,0,LIMIT,SELL,2,85,2018-08-30T04:24:27.885,2018-08-30T04:24:29.420
choice-moving,Surfer16@bmm,4854,320,6651,6651,632,NULL,1312397,1312397,1312397,NULL,LIMIT,BUY,1,2,2018-08-30T04:24:28.526,2018-08-30T04:24:28.529
choice-moving,Surfer6@bmm,4844,320,6651,6651,630,NULL,1312398,1312398,1312398,1312399,LIMIT,BUY,1,85,2018-08-30T04:24:29.406,2018-08-30T04:24:29.420
choice-moving,Surfer5@bmm,4843,320,6651,6651,630,NULL,1312399,1312396,1312396,1312398,LIMIT,SELL,1,85,2018-08-30T04:24:29.414,2018-08-30T04:24:29.420
choice-moving,Surfer5@bmm,4843,320,6651,6651,630,NULL,1312400,1312396,1312396,1312406,LIMIT,SELL,1,85,2018-08-30T04:24:27.885,2018-08-30T04:24:33.618
choice-moving,Surfer16@bmm,4854,320,6651,6651,632,NULL,1312401,1312401,1312401,NULL,LIMIT,BUY,1,4,2018-08-30T04:24:31.522,2018-08-30T04:24:31.525
choice-moving,Surfer4@bmm,4842,320,6651,6651,633,NULL,1312402,1312402,1312402,1312423,LIMIT,SELL,1,1,2018-08-30T04:24:32.448,2018-08-30T04:24:43.732
choice-moving,Surfer17@bmm,4855,320,6651,6651,632,NULL,1312403,1312403,1312403,1312409,LIMIT,SELL,1,84,2018-08-30T04:24:32.630,2018-08-30T04:24:33.708
choice-moving,Surfer16@bmm,4854,320,6651,6651,632,NULL,1312404,1312404,1312404,NULL,LIMIT,BUY,1,5,2018-08-30T04:24:33.510,2018-08-30T04:24:33.513
choice-moving,Surfer12@bmm,4850,320,6651,6651,630,NULL,1312405,1312405,1312405,0,LIMIT,BUY,1,86,2018-08-30T04:24:33.608,2018-08-30T04:24:33.618
choice-moving,Surfer12@bmm,4850,320,6651,6651,630,NULL,1312406,1312405,1312405,1312400,LIMIT,BUY,1,85,2018-08-30T04:24:33.614,2018-08-30T04:24:33.619
choice-moving,Surfer3@bmm,4841,320,6651,6651,630,NULL,1312407,1312407,1312407,1312439,LIMIT,BUY,1,87,2018-08-30T04:24:33.683,2018-08-30T04:24:49.785
choice-moving,Surfer9@bmm,4847,320,6651,6651,632,NULL,1312408,1312408,1312408,0,LIMIT,BUY,1,85,2018-08-30T04:24:33.690,2018-08-30T04:24:33.707
choice-moving,Surfer9@bmm,4847,320,6651,6651,632,NULL,1312409,1312408,1312408,1312403,LIMIT,BUY,1,84,2018-08-30T04:24:33.703,2018-08-30T04:24:33.708
choice-moving,Surfer17@bmm,4855,320,6651,6651,632,NULL,1312410,1312410,1312410,1312411,LIMIT,SELL,1,85,2018-08-30T04:24:35.450,2018-08-30T04:24:36.255
choice-moving,Surfer9@bmm,4847,320,6651,6651,632,NULL,1312411,1312411,1312411,1312410,LIMIT,BUY,1,85,2018-08-30T04:24:36.248,2018-08-30T04:24:36.255
choice-moving,Surfer1@bmm,4839,320,6651,6651,632,NULL,1312412,1312412,1312412,1312416,LIMIT,BUY,1,83,2018-08-30T04:24:37.141,2018-08-30T04:24:43.002
choice-moving,Surfer6@bmm,4844,320,6651,6651,630,NULL,1312413,1312413,1312413,1312580,LIMIT,BUY,1,85,2018-08-30T04:24:37.901,2018-08-30T04:27:09.369
choice-moving,Surfer17@bmm,4855,320,6651,6651,632,NULL,1312414,1312414,1312414,1312437,LIMIT,SELL,1,91,2018-08-30T04:24:40.077,2018-08-30T04:24:48.336
choice-moving,Surfer1@bmm,4839,320,6651,6651,630,NULL,1312415,1312392,1312392,1312392,CANCEL,BUY,1,78,2018-08-30T04:24:40.892,2018-08-30T04:24:40.898
choice-moving,Surfer15@bmm,4853,320,6651,6651,632,NULL,1312416,1312416,1312416,1312412,LIMIT,SELL,1,83,2018-08-30T04:24:42.995,2018-08-30T04:24:43.001
choice-moving,Surfer1@bmm,4839,320,6651,6651,630,NULL,1312417,1312350,1312350,1312350,CANCEL,BUY,1,47,2018-08-30T04:24:43.024,2018-08-30T04:24:43.029
choice-moving,Surfer5@bmm,4843,320,6651,6651,630,NULL,1312418,1312418,1312418,0,LIMIT,SELL,2,88,2018-08-30T04:24:43.218,2018-08-30T04:24:45.885
choice-moving,Surfer8@bmm,4846,320,6651,6651,631,NULL,1312419,1312419,1312419,0,LIMIT,SELL,1,80,2018-08-30T04:24:43.520,2018-08-30T04:24:43.531
choice-moving,Surfer8@bmm,4846,320,6651,6651,631,NULL,1312420,1312419,1312419,1312371,LIMIT,SELL,1,82,2018-08-30T04:24:43.527,2018-08-30T04:24:43.531
choice-moving,Surfer17@bmm,4855,320,6651,6651,632,NULL,1312421,1312421,1312421,1312426,LIMIT,SELL,1,89,2018-08-30T04:24:43.616,2018-08-30T04:24:45.500
choice-moving,Surfer7@bmm,4845,320,6651,6651,633,NULL,1312422,1312422,1312422,0,LIMIT,BUY,1,80,2018-08-30T04:24:43.722,2018-08-30T04:24:43.732
choice-moving,Surfer7@bmm,4845,320,6651,6651,633,NULL,1312423,1312422,1312422,1312402,LIMIT,BUY,1,1,2018-08-30T04:24:43.728,2018-08-30T04:24:43.732
choice-moving,Surfer4@bmm,4842,320,6651,6651,632,NULL,1312424,1312424,1312424,1312441,LIMIT,BUY,1,85,2018-08-30T04:24:43.747,2018-08-30T04:24:50.265
choice-moving,Surfer9@bmm,4847,320,6651,6651,632,NULL,1312425,1312425,1312425,0,LIMIT,BUY,1,94,2018-08-30T04:24:45.489,2018-08-30T04:24:45.500
choice-moving,Surfer9@bmm,4847,320,6651,6651,632,NULL,1312426,1312425,1312425,1312421,LIMIT,BUY,1,89,2018-08-30T04:24:45.496,2018-08-30T04:24:45.500
choice-moving,Surfer3@bmm,4841,320,6651,6651,630,NULL,1312427,1312427,1312427,1312428,LIMIT,BUY,1,88,2018-08-30T04:24:45.872,2018-08-30T04:24:45.885
choice-moving,Surfer5@bmm,4843,320,6651,6651,630,NULL,1312428,1312418,1312418,1312427,LIMIT,SELL,1,88,2018-08-30T04:24:45.879,2018-08-30T04:24:45.885
choice-moving,Surfer5@bmm,4843,320,6651,6651,630,NULL,1312429,1312418,1312418,1312431,LIMIT,SELL,1,88,2018-08-30T04:24:43.218,2018-08-30T04:24:46.145
choice-moving,Surfer14@bmm,4852,320,6651,6651,630,NULL,1312430,1312430,1312430,0,LIMIT,BUY,2,88,2018-08-30T04:24:46.133,2018-08-30T04:24:46.145
choice-moving,Surfer14@bmm,4852,320,6651,6651,630,NULL,1312431,1312430,1312430,1312429,LIMIT,BUY,1,88,2018-08-30T04:24:46.139,2018-08-30T04:24:46.146
choice-moving,Surfer14@bmm,4852,320,6651,6651,630,NULL,1312432,1312430,1312430,1312440,LIMIT,BUY,1,88,2018-08-30T04:24:46.133,2018-08-30T04:24:49.876
choice-moving,Surfer14@bmm,4852,320,6651,6651,630,NULL,1312433,1312433,1312433,1312557,LIMIT,BUY,2,88,2018-08-30T04:24:46.388,2018-08-30T04:26:53.810
choice-moving,Surfer14@bmm,4852,320,6651,6651,630,NULL,1312434,1312434,1312434,1312545,LIMIT,BUY,2,88,2018-08-30T04:24:46.397,2018-08-30T04:26:47.481
choice-moving,Surfer14@bmm,4852,320,6651,6651,630,NULL,1312435,1312435,1312435,1312528,LIMIT,BUY,2,88,2018-08-30T04:24:46.630,2018-08-30T04:26:38.447
choice-moving,Surfer1@bmm,4839,320,6651,6651,632,NULL,1312436,1312436,1312436,0,LIMIT,BUY,1,95,2018-08-30T04:24:48.326,2018-08-30T04:24:48.336
choice-moving,Surfer1@bmm,4839,320,6651,6651,632,NULL,1312437,1312436,1312436,1312414,LIMIT,BUY,1,91,2018-08-30T04:24:48.332,2018-08-30T04:24:48.336
choice-moving,Surfer6@bmm,4844,320,6651,6651,631,NULL,1312438,1312438,1312438,1312567,LIMIT,BUY,1,82,2018-08-30T04:24:48.664,2018-08-30T04:26:58.658
choice-moving,Surfer3@bmm,4841,320,6651,6651,630,NULL,1312439,1312407,1312407,1312407,CANCEL,BUY,1,87,2018-08-30T04:24:49.780,2018-08-30T04:24:49.785
choice-moving,Surfer19@bmm,4857,320,6651,6651,630,NULL,1312440,1312440,1312440,1312432,LIMIT,SELL,1,88,2018-08-30T04:24:49.868,2018-08-30T04:24:49.876
choice-moving,Surfer15@bmm,4853,320,6651,6651,632,NULL,1312441,1312441,1312441,1312424,LIMIT,SELL,1,85,2018-08-30T04:24:50.257,2018-08-30T04:24:50.265
choice-moving,Surfer16@bmm,4854,320,6651,6651,633,NULL,1312442,1312319,1312319,1312319,CANCEL,SELL,4,75,2018-08-30T04:24:50.454,2018-08-30T04:24:50.459
choice-moving,Surfer16@bmm,4854,320,6651,6651,633,NULL,1312443,1312443,1312443,NULL,LIMIT,SELL,4,40,2018-08-30T04:24:51.847,2018-08-30T04:24:51.850
choice-moving,Surfer4@bmm,4842,320,6651,6651,630,NULL,1312444,1312378,1312378,1312378,CANCEL,BUY,2,82,2018-08-30T04:24:55.320,2018-08-30T04:24:55.326
choice-moving,Surfer1@bmm,4839,320,6651,6651,632,NULL,1312445,1312370,1312370,1312370,CANCEL,BUY,1,68,2018-08-30T04:24:55.770,2018-08-30T04:24:55.775
choice-moving,Surfer1@bmm,4839,320,6651,6651,632,NULL,1312446,1312446,1312446,1312565,LIMIT,BUY,1,84,2018-08-30T04:25:03.642,2018-08-30T04:26:56.772
choice-moving,Surfer4@bmm,4842,320,6651,6651,631,NULL,1312447,1312447,1312447,1312482,LIMIT,BUY,1,83,2018-08-30T04:25:04.050,2018-08-30T04:25:40.864
choice-moving,Surfer9@bmm,4847,320,6651,6651,630,NULL,1312448,1312352,1312352,1312352,CANCEL,BUY,1,80,2018-08-30T04:25:05.289,2018-08-30T04:25:05.295
choice-moving,Surfer5@bmm,4843,320,6651,6651,632,NULL,1312449,1312449,1312449,1312456,LIMIT,SELL,1,85,2018-08-30T04:25:08.385,2018-08-30T04:25:15.975
choice-moving,Surfer1@bmm,4839,320,6651,6651,631,NULL,1312450,1312355,1312355,1312355,CANCEL,BUY,1,70,2018-08-30T04:25:09.430,2018-08-30T04:25:09.436
choice-moving,Surfer17@bmm,4855,320,6651,6651,630,NULL,1312451,1312451,1312451,NULL,LIMIT,BUY,1,14,2018-08-30T04:25:10.403,2018-08-30T04:25:10.406
choice-moving,Surfer13@bmm,4851,320,6651,6651,630,NULL,1312452,1312452,1312452,NULL,LIMIT,BUY,1,5,2018-08-30T04:25:10.529,2018-08-30T04:25:10.532
choice-moving,Surfer4@bmm,4842,320,6651,6651,632,NULL,1312453,1312327,1312327,1312327,CANCEL,BUY,1,53,2018-08-30T04:25:11.602,2018-08-30T04:25:11.608
choice-moving,Surfer9@bmm,4847,320,6651,6651,630,NULL,1312454,1312454,1312454,1312477,LIMIT,BUY,1,90,2018-08-30T04:25:13.131,2018-08-30T04:25:32.179
choice-moving,Surfer3@bmm,4841,320,6651,6651,632,NULL,1312455,1312455,1312455,0,LIMIT,BUY,1,86,2018-08-30T04:25:15.965,2018-08-30T04:25:15.975
choice-moving,Surfer3@bmm,4841,320,6651,6651,632,NULL,1312456,1312455,1312455,1312449,LIMIT,BUY,1,85,2018-08-30T04:25:15.971,2018-08-30T04:25:15.975
choice-moving,Surfer2@bmm,4840,320,6651,6651,632,NULL,1312457,1312457,1312457,NULL,LIMIT,BUY,1,0,2018-08-30T04:25:16.090,2018-08-30T04:25:16.093
choice-moving,Surfer2@bmm,4840,320,6651,6651,632,NULL,1312458,1312458,1312458,NULL,LIMIT,BUY,1,0,2018-08-30T04:25:16.397,2018-08-30T04:25:16.400
choice-moving,Surfer17@bmm,4855,320,6651,6651,632,NULL,1312459,1312459,1312459,NULL,LIMIT,BUY,1,43,2018-08-30T04:25:18.106,2018-08-30T04:25:18.109
choice-moving,Surfer12@bmm,4850,320,6651,6651,632,NULL,1312460,1312354,1312354,1312354,CANCEL,BUY,1,50,2018-08-30T04:25:18.988,2018-08-30T04:25:18.993
choice-moving,Surfer4@bmm,4842,320,6651,6651,632,NULL,1312461,1312461,1312461,1312473,LIMIT,BUY,1,85,2018-08-30T04:25:20.024,2018-08-30T04:25:29.310
choice-moving,Surfer1@bmm,4839,320,6651,6651,631,NULL,1312462,1312462,1312462,1312600,LIMIT,BUY,1,86,2018-08-30T04:25:20.757,2018-08-30T04:27:34.916
choice-moving,Surfer4@bmm,4842,320,6651,6651,632,NULL,1312463,1312387,1312387,1312387,CANCEL,BUY,1,81,2018-08-30T04:25:21.746,2018-08-30T04:25:21.751
choice-moving,Surfer1@bmm,4839,320,6651,6651,631,NULL,1312464,1312383,1312383,1312383,CANCEL,BUY,1,73,2018-08-30T04:25:23.133,2018-08-30T04:25:23.139
choice-moving,Surfer4@bmm,4842,320,6651,6651,631,NULL,1312465,1312364,1312364,1312364,CANCEL,BUY,1,81,2018-08-30T04:25:24.368,2018-08-30T04:25:24.374
choice-moving,Surfer17@bmm,4855,320,6651,6651,633,NULL,1312466,1312466,1312466,0,LIMIT,BUY,1,35,2018-08-30T04:25:24.835,2018-08-30T04:25:24.848
choice-moving,Surfer17@bmm,4855,320,6651,6651,633,NULL,1312467,1312466,1312466,1312330,LIMIT,BUY,1,2,2018-08-30T04:25:24.844,2018-08-30T04:25:24.848
choice-moving,Surfer6@bmm,4844,320,6651,6651,632,NULL,1312468,1312468,1312468,1312575,LIMIT,BUY,1,87,2018-08-30T04:25:27.108,2018-08-30T04:27:05.949
choice-moving,Surfer4@bmm,4842,320,6651,6651,631,NULL,1312469,1312469,1312469,1312471,LIMIT,BUY,1,87,2018-08-30T04:25:27.608,2018-08-30T04:25:28.148
choice-moving,Surfer8@bmm,4846,320,6651,6651,631,NULL,1312470,1312470,1312470,0,LIMIT,SELL,1,85,2018-08-30T04:25:28.138,2018-08-30T04:25:28.148
choice-moving,Surfer8@bmm,4846,320,6651,6651,631,NULL,1312471,1312470,1312470,1312469,LIMIT,SELL,1,87,2018-08-30T04:25:28.144,2018-08-30T04:25:28.148
choice-moving,Surfer10@bmm,4848,320,6651,6651,632,NULL,1312472,1312472,1312472,NULL,LIMIT,BUY,1,87,2018-08-30T04:25:28.908,2018-08-30T04:25:28.911
choice-moving,Surfer4@bmm,4842,320,6651,6651,632,NULL,1312473,1312461,1312461,1312461,CANCEL,BUY,1,85,2018-08-30T04:25:29.302,2018-08-30T04:25:29.309
choice-moving,Surfer17@bmm,4855,320,6651,6651,631,NULL,1312474,1312474,1312474,NULL,LIMIT,BUY,1,26,2018-08-30T04:25:30.891,2018-08-30T04:25:30.894
choice-moving,Surfer13@bmm,4851,320,6651,6651,631,NULL,1312475,1312475,1312475,NULL,LIMIT,BUY,1,50,2018-08-30T04:25:31.593,2018-08-30T04:25:31.596
choice-moving,Surfer7@bmm,4845,320,6651,6651,633,NULL,1312476,1312476,1312476,1312325,LIMIT,BUY,1,3,2018-08-30T04:25:32.098,2018-08-30T04:25:32.107
choice-moving,Surfer19@bmm,4857,320,6651,6651,630,NULL,1312477,1312477,1312477,1312454,LIMIT,SELL,1,90,2018-08-30T04:25:32.172,2018-08-30T04:25:32.179
choice-moving,Surfer16@bmm,4854,320,6651,6651,632,NULL,1312478,1312478,1312478,1312481,LIMIT,BUY,1,87,2018-08-30T04:25:32.483,2018-08-30T04:25:38.656
choice-moving,Surfer4@bmm,4842,320,6651,6651,632,NULL,1312479,1312479,1312479,1312500,LIMIT,BUY,2,88,2018-08-30T04:25:33.456,2018-08-30T04:26:02.831
choice-moving,Surfer6@bmm,4844,320,6651,6651,631,NULL,1312480,1312345,1312345,1312345,CANCEL,BUY,1,50,2018-08-30T04:25:35.055,2018-08-30T04:25:35.060
choice-moving,Surfer16@bmm,4854,320,6651,6651,632,NULL,1312481,1312478,1312478,1312478,CANCEL,BUY,1,87,2018-08-30T04:25:38.650,2018-08-30T04:25:38.656
choice-moving,Surfer4@bmm,4842,320,6651,6651,631,NULL,1312482,1312447,1312447,1312447,CANCEL,BUY,1,83,2018-08-30T04:25:40.856,2018-08-30T04:25:40.863
choice-moving,Surfer10@bmm,4848,320,6651,6651,633,NULL,1312483,1312483,1312483,1312513,LIMIT,SELL,1,12,2018-08-30T04:25:40.903,2018-08-30T04:26:17.880
choice-moving,Surfer18@bmm,4856,320,6651,6651,630,NULL,1312484,1312306,1312306,1312306,CANCEL,BUY,1,10,2018-08-30T04:25:44.717,2018-08-30T04:25:44.723
choice-moving,Surfer9@bmm,4847,320,6651,6651,632,NULL,1312485,1312366,1312366,1312366,CANCEL,BUY,1,80,2018-08-30T04:25:45.952,2018-08-30T04:25:45.958
choice-moving,Surfer17@bmm,4855,320,6651,6651,633,NULL,1312486,1312486,1312486,1312491,LIMIT,SELL,1,78,2018-08-30T04:25:47.804,2018-08-30T04:25:53.579
choice-moving,Surfer9@bmm,4847,320,6651,6651,631,NULL,1312487,1312334,1312334,1312334,CANCEL,BUY,1,80,2018-08-30T04:25:49.154,2018-08-30T04:25:49.160
choice-moving,Surfer4@bmm,4842,320,6651,6651,631,NULL,1312488,1312488,1312488,1312505,LIMIT,BUY,1,87,2018-08-30T04:25:49.205,2018-08-30T04:26:09.732
choice-moving,Surfer16@bmm,4854,320,6651,6651,631,NULL,1312489,1312489,1312489,NULL,LIMIT,BUY,1,87,2018-08-30T04:25:51.977,2018-08-30T04:25:51.980
choice-moving,Surfer5@bmm,4843,320,6651,6651,632,NULL,1312490,1312490,1312490,1312496,LIMIT,SELL,1,89,2018-08-30T04:25:53.084,2018-08-30T04:26:00.224
choice-moving,Surfer17@bmm,4855,320,6651,6651,633,NULL,1312491,1312486,1312486,1312486,CANCEL,SELL,1,78,2018-08-30T04:25:53.572,2018-08-30T04:25:53.579
choice-moving,Surfer10@bmm,4848,320,6651,6651,633,NULL,1312492,1312492,1312492,1312508,LIMIT,SELL,1,7,2018-08-30T04:25:55.585,2018-08-30T04:26:12.746
choice-moving,Surfer1@bmm,4839,320,6651,6651,630,NULL,1312493,1312493,1312493,1312671,LIMIT,BUY,1,88,2018-08-30T04:25:57.755,2018-08-30T04:28:44.055
choice-moving,Surfer6@bmm,4844,320,6651,6651,631,NULL,1312494,1312494,1312494,1312569,LIMIT,BUY,1,88,2018-08-30T04:25:58.029,2018-08-30T04:26:59.713
choice-moving,Surfer12@bmm,4850,320,6651,6651,632,NULL,1312495,1312495,1312495,0,LIMIT,BUY,1,90,2018-08-30T04:26:00.214,2018-08-30T04:26:00.224
choice-moving,Surfer12@bmm,4850,320,6651,6651,632,NULL,1312496,1312495,1312495,1312490,LIMIT,BUY,1,89,2018-08-30T04:26:00.220,2018-08-30T04:26:00.224
choice-moving,Surfer4@bmm,4842,320,6651,6651,632,NULL,1312497,1312497,1312497,1312515,LIMIT,BUY,2,89,2018-08-30T04:26:00.871,2018-08-30T04:26:19.842
choice-moving,Surfer2@bmm,4840,320,6651,6651,632,NULL,1312498,1312498,1312498,NULL,LIMIT,BUY,1,0,2018-08-30T04:26:01.246,2018-08-30T04:26:01.250
choice-moving,Surfer17@bmm,4855,320,6651,6651,633,NULL,1312499,1312499,1312499,NULL,LIMIT,SELL,1,30,2018-08-30T04:26:02.185,2018-08-30T04:26:02.188
choice-moving,Surfer4@bmm,4842,320,6651,6651,632,NULL,1312500,1312479,1312479,1312479,CANCEL,BUY,2,88,2018-08-30T04:26:02.825,2018-08-30T04:26:02.831
choice-moving,Surfer3@bmm,4841,320,6651,6651,630,NULL,1312501,1312501,1312501,1312507,LIMIT,BUY,1,89,2018-08-30T04:26:04.505,2018-08-30T04:26:10.946
choice-moving,Surfer8@bmm,4846,320,6651,6651,630,NULL,1312502,1312502,1312502,NULL,LIMIT,BUY,1,10,2018-08-30T04:26:07.341,2018-08-30T04:26:07.344
choice-moving,Surfer6@bmm,4844,320,6651,6651,632,NULL,1312503,1312503,1312503,1312618,LIMIT,BUY,1,90,2018-08-30T04:26:07.421,2018-08-30T04:27:51.180
choice-moving,Surfer9@bmm,4847,320,6651,6651,631,NULL,1312504,1312504,1312504,1312568,LIMIT,BUY,1,90,2018-08-30T04:26:08.337,2018-08-30T04:26:59.513
choice-moving,Surfer4@bmm,4842,320,6651,6651,631,NULL,1312505,1312488,1312488,1312488,CANCEL,BUY,1,87,2018-08-30T04:26:09.726,2018-08-30T04:26:09.732
choice-moving,Surfer13@bmm,4851,320,6651,6651,630,NULL,1312506,1312506,1312506,0,LIMIT,SELL,1,10,2018-08-30T04:26:10.935,2018-08-30T04:26:10.946
choice-moving,Surfer13@bmm,4851,320,6651,6651,630,NULL,1312507,1312506,1312506,1312501,LIMIT,SELL,1,89,2018-08-30T04:26:10.941,2018-08-30T04:26:10.946
choice-moving,Surfer17@bmm,4855,320,6651,6651,633,NULL,1312508,1312508,1312508,1312492,LIMIT,BUY,1,7,2018-08-30T04:26:12.738,2018-08-30T04:26:12.745
choice-moving,Surfer4@bmm,4842,320,6651,6651,631,NULL,1312509,1312509,1312509,1312571,LIMIT,BUY,1,91,2018-08-30T04:26:13.442,2018-08-30T04:27:01.829
choice-moving,Surfer5@bmm,4843,320,6651,6651,632,NULL,1312510,1312510,1312510,1312517,LIMIT,SELL,1,92,2018-08-30T04:26:14.801,2018-08-30T04:26:21.973
choice-moving,Surfer18@bmm,4856,320,6651,6651,633,NULL,1312511,1312511,1312511,NULL,LIMIT,SELL,1,14,2018-08-30T04:26:17.348,2018-08-30T04:26:17.352
choice-moving,Surfer8@bmm,4846,320,6651,6651,633,NULL,1312512,1312512,1312512,0,LIMIT,BUY,1,20,2018-08-30T04:26:17.870,2018-08-30T04:26:17.880
choice-moving,Surfer8@bmm,4846,320,6651,6651,633,NULL,1312513,1312512,1312512,1312483,LIMIT,BUY,1,12,2018-08-30T04:26:17.876,2018-08-30T04:26:17.881
choice-moving,Surfer12@bmm,4850,320,6651,6651,633,NULL,1312514,1312514,1312514,NULL,LIMIT,SELL,1,10,2018-08-30T04:26:19.374,2018-08-30T04:26:19.377
choice-moving,Surfer4@bmm,4842,320,6651,6651,632,NULL,1312515,1312497,1312497,1312497,CANCEL,BUY,2,89,2018-08-30T04:26:19.836,2018-08-30T04:26:19.842
choice-moving,Surfer9@bmm,4847,320,6651,6651,632,NULL,1312516,1312516,1312516,0,LIMIT,BUY,1,97,2018-08-30T04:26:21.962,2018-08-30T04:26:21.972
choice-moving,Surfer9@bmm,4847,320,6651,6651,632,NULL,1312517,1312516,1312516,1312510,LIMIT,BUY,1,92,2018-08-30T04:26:21.968,2018-08-30T04:26:21.973
choice-moving,Surfer6@bmm,4844,320,6651,6651,632,NULL,1312518,1312518,1312518,1312520,LIMIT,BUY,1,93,2018-08-30T04:26:22.446,2018-08-30T04:26:25.027
choice-moving,Surfer17@bmm,4855,320,6651,6651,630,NULL,1312519,1312519,1312519,NULL,LIMIT,BUY,1,16,2018-08-30T04:26:24.179,2018-08-30T04:26:24.182
choice-moving,Surfer6@bmm,4844,320,6651,6651,632,NULL,1312520,1312518,1312518,1312518,CANCEL,BUY,1,93,2018-08-30T04:26:25.022,2018-08-30T04:26:25.027
choice-moving,Surfer13@bmm,4851,320,6651,6651,632,NULL,1312521,1312521,1312521,NULL,LIMIT,BUY,1,15,2018-08-30T04:26:29.561,2018-08-30T04:26:29.565
choice-moving,Surfer8@bmm,4846,320,6651,6651,633,NULL,1312522,1312522,1312522,NULL,LIMIT,SELL,1,30,2018-08-30T04:26:33.862,2018-08-30T04:26:33.865
choice-moving,Surfer10@bmm,4848,320,6651,6651,632,NULL,1312523,1312523,1312523,1312526,LIMIT,BUY,1,94,2018-08-30T04:26:36.520,2018-08-30T04:26:36.976
choice-moving,Surfer6@bmm,4844,320,6651,6651,632,NULL,1312524,1312301,1312301,1312301,CANCEL,BUY,1,50,2018-08-30T04:26:36.765,2018-08-30T04:26:36.771
choice-moving,Surfer7@bmm,4845,320,6651,6651,632,NULL,1312525,1312525,1312525,0,LIMIT,SELL,1,90,2018-08-30T04:26:36.965,2018-08-30T04:26:36.976
choice-moving,Surfer7@bmm,4845,320,6651,6651,632,NULL,1312526,1312525,1312525,1312523,LIMIT,SELL,1,94,2018-08-30T04:26:36.971,2018-08-30T04:26:36.977
choice-moving,Surfer4@bmm,4842,320,6651,6651,632,NULL,1312527,1312527,1312527,1312587,LIMIT,BUY,1,91,2018-08-30T04:26:36.982,2018-08-30T04:27:15.807
choice-moving,Surfer14@bmm,4852,320,6651,6651,630,NULL,1312528,1312435,1312435,1312435,CANCEL,BUY,2,88,2018-08-30T04:26:38.441,2018-08-30T04:26:38.447
choice-moving,Surfer3@bmm,4841,320,6651,6651,632,NULL,1312529,1312386,1312386,1312386,CANCEL,BUY,1,81,2018-08-30T04:26:38.844,2018-08-30T04:26:38.850
choice-moving,Surfer6@bmm,4844,320,6651,6651,632,NULL,1312530,1312296,1312296,1312296,CANCEL,BUY,1,50,2018-08-30T04:26:38.944,2018-08-30T04:26:38.953
choice-moving,Surfer5@bmm,4843,320,6651,6651,632,NULL,1312531,1312531,1312531,1312541,LIMIT,SELL,1,95,2018-08-30T04:26:40.134,2018-08-30T04:26:45.464
choice-moving,Surfer12@bmm,4850,320,6651,6651,633,NULL,1312532,1312532,1312532,NULL,LIMIT,SELL,1,13,2018-08-30T04:26:41.698,2018-08-30T04:26:41.701
choice-moving,Surfer16@bmm,4854,320,6651,6651,630,NULL,1312533,1312533,1312533,1312559,LIMIT,BUY,1,85,2018-08-30T04:26:43.426,2018-08-30T04:26:55.098
choice-moving,Surfer14@bmm,4852,320,6651,6651,630,NULL,1312534,1312274,1312274,1312274,CANCEL,BUY,1,5,2018-08-30T04:26:43.630,2018-08-30T04:26:43.635
choice-moving,Surfer14@bmm,4852,320,6651,6651,630,NULL,1312535,1312274,1312274,1312535,CANCEL,BUY,1,5,2018-08-30T04:26:43.890,2018-08-30T04:26:43.895
choice-moving,Surfer14@bmm,4852,320,6651,6651,630,NULL,1312536,1312273,1312273,1312273,CANCEL,BUY,1,4,2018-08-30T04:26:44.629,2018-08-30T04:26:44.635
choice-moving,Surfer14@bmm,4852,320,6651,6651,630,NULL,1312537,1312272,1312272,1312272,CANCEL,BUY,1,3,2018-08-30T04:26:45.077,2018-08-30T04:26:45.082
choice-moving,Surfer11@bmm,4849,320,6651,6651,632,NULL,1312538,1312538,1312538,1312547,LIMIT,SELL,1,95,2018-08-30T04:26:45.204,2018-08-30T04:26:48.494
choice-moving,Surfer14@bmm,4852,320,6651,6651,630,NULL,1312539,1312271,1312271,1312271,CANCEL,BUY,1,2,2018-08-30T04:26:45.439,2018-08-30T04:26:45.444
choice-moving,Surfer10@bmm,4848,320,6651,6651,632,NULL,1312540,1312540,1312540,0,LIMIT,BUY,1,96,2018-08-30T04:26:45.451,2018-08-30T04:26:45.464
choice-moving,Surfer10@bmm,4848,320,6651,6651,632,NULL,1312541,1312540,1312540,1312531,LIMIT,BUY,1,95,2018-08-30T04:26:45.460,2018-08-30T04:26:45.464
choice-moving,Surfer14@bmm,4852,320,6651,6651,630,NULL,1312542,1312270,1312270,1312270,CANCEL,BUY,1,1,2018-08-30T04:26:45.845,2018-08-30T04:26:45.851
choice-moving,Surfer3@bmm,4841,320,6651,6651,630,NULL,1312543,1312543,1312543,1312555,LIMIT,BUY,1,96,2018-08-30T04:26:46.026,2018-08-30T04:26:52.456
choice-moving,Surfer15@bmm,4853,320,6651,6651,630,NULL,1312544,1312544,1312544,NULL,LIMIT,BUY,1,90,2018-08-30T04:26:46.426,2018-08-30T04:26:46.429
choice-moving,Surfer14@bmm,4852,320,6651,6651,630,NULL,1312545,1312434,1312434,1312434,CANCEL,BUY,2,88,2018-08-30T04:26:47.475,2018-08-30T04:26:47.481
choice-moving,Surfer14@bmm,4852,320,6651,6651,630,NULL,1312546,1312434,1312434,1312546,CANCEL,BUY,2,88,2018-08-30T04:26:47.649,2018-08-30T04:26:47.655
choice-moving,Surfer1@bmm,4839,320,6651,6651,632,NULL,1312547,1312547,1312547,1312538,LIMIT,BUY,1,95,2018-08-30T04:26:48.486,2018-08-30T04:26:48.494
choice-moving,Surfer11@bmm,4849,320,6651,6651,632,NULL,1312548,1312548,1312548,1312551,LIMIT,BUY,1,95,2018-08-30T04:26:48.891,2018-08-30T04:26:50.570
choice-moving,Surfer18@bmm,4856,320,6651,6651,633,NULL,1312549,1312549,1312549,NULL,LIMIT,SELL,1,61,2018-08-30T04:26:49.313,2018-08-30T04:26:49.316
choice-moving,Surfer14@bmm,4852,320,6651,6651,632,NULL,1312550,1312550,1312550,1312553,LIMIT,BUY,1,95,2018-08-30T04:26:49.699,2018-08-30T04:26:51.878
choice-moving,Surfer11@bmm,4849,320,6651,6651,632,NULL,1312551,1312548,1312548,1312548,CANCEL,BUY,1,95,2018-08-30T04:26:50.564,2018-08-30T04:26:50.570
choice-moving,Surfer17@bmm,4855,320,6651,6651,633,NULL,1312552,1312552,1312552,NULL,LIMIT,SELL,1,19,2018-08-30T04:26:51.167,2018-08-30T04:26:51.171
choice-moving,Surfer14@bmm,4852,320,6651,6651,632,NULL,1312553,1312550,1312550,1312550,CANCEL,BUY,1,95,2018-08-30T04:26:51.871,2018-08-30T04:26:51.877
choice-moving,Surfer19@bmm,4857,320,6651,6651,632,NULL,1312554,1312554,1312554,1312558,LIMIT,SELL,1,95,2018-08-30T04:26:52.339,2018-08-30T04:26:54.475
choice-moving,Surfer3@bmm,4841,320,6651,6651,630,NULL,1312555,1312543,1312543,1312543,CANCEL,BUY,1,96,2018-08-30T04:26:52.449,2018-08-30T04:26:52.456
choice-moving,Surfer7@bmm,4845,320,6651,6651,632,NULL,1312556,1312556,1312556,1312562,LIMIT,SELL,1,95,2018-08-30T04:26:53.792,2018-08-30T04:26:55.792
choice-moving,Surfer14@bmm,4852,320,6651,6651,630,NULL,1312557,1312433,1312433,1312433,CANCEL,BUY,2,88,2018-08-30T04:26:53.804,2018-08-30T04:26:53.810
choice-moving,Surfer11@bmm,4849,320,6651,6651,632,NULL,1312558,1312558,1312558,1312554,LIMIT,BUY,1,95,2018-08-30T04:26:54.468,2018-08-30T04:26:54.475
choice-moving,Surfer16@bmm,4854,320,6651,6651,630,NULL,1312559,1312533,1312533,1312533,CANCEL,BUY,1,85,2018-08-30T04:26:55.092,2018-08-30T04:26:55.098
choice-moving,Surfer4@bmm,4842,320,6651,6651,633,NULL,1312560,1312560,1312560,1312616,LIMIT,SELL,1,9,2018-08-30T04:26:55.704,2018-08-30T04:27:49.009
choice-moving,Surfer10@bmm,4848,320,6651,6651,632,NULL,1312561,1312561,1312561,0,LIMIT,BUY,1,96,2018-08-30T04:26:55.782,2018-08-30T04:26:55.792
choice-moving,Surfer10@bmm,4848,320,6651,6651,632,NULL,1312562,1312561,1312561,1312556,LIMIT,BUY,1,95,2018-08-30T04:26:55.788,2018-08-30T04:26:55.792
choice-moving,Surfer12@bmm,4850,320,6651,6651,633,NULL,1312563,1312563,1312563,NULL,LIMIT,SELL,1,11,2018-08-30T04:26:56.010,2018-08-30T04:26:56.012
choice-moving,Surfer6@bmm,4844,320,6651,6651,631,NULL,1312564,1312564,1312564,1312579,LIMIT,BUY,1,93,2018-08-30T04:26:56.622,2018-08-30T04:27:09.233
choice-moving,Surfer1@bmm,4839,320,6651,6651,632,NULL,1312565,1312446,1312446,1312446,CANCEL,BUY,1,84,2018-08-30T04:26:56.766,2018-08-30T04:26:56.772
choice-moving,Surfer4@bmm,4842,320,6651,6651,633,NULL,1312566,1312314,1312314,1312314,CANCEL,SELL,1,14,2018-08-30T04:26:57.849,2018-08-30T04:26:57.855
choice-moving,Surfer6@bmm,4844,320,6651,6651,631,NULL,1312567,1312438,1312438,1312438,CANCEL,BUY,1,82,2018-08-30T04:26:58.651,2018-08-30T04:26:58.657
choice-moving,Surfer9@bmm,4847,320,6651,6651,631,NULL,1312568,1312504,1312504,1312504,CANCEL,BUY,1,90,2018-08-30T04:26:59.507,2018-08-30T04:26:59.513
choice-moving,Surfer6@bmm,4844,320,6651,6651,631,NULL,1312569,1312494,1312494,1312494,CANCEL,BUY,1,88,2018-08-30T04:26:59.706,2018-08-30T04:26:59.712
choice-moving,Surfer16@bmm,4854,320,6651,6651,630,NULL,1312570,1312570,1312570,NULL,LIMIT,BUY,1,16,2018-08-30T04:27:00.784,2018-08-30T04:27:00.797
choice-moving,Surfer4@bmm,4842,320,6651,6651,631,NULL,1312571,1312509,1312509,1312509,CANCEL,BUY,1,91,2018-08-30T04:27:01.823,2018-08-30T04:27:01.829
choice-moving,Surfer15@bmm,4853,320,6651,6651,630,NULL,1312572,1312572,1312572,NULL,LIMIT,BUY,1,96,2018-08-30T04:27:02.166,2018-08-30T04:27:02.169
choice-moving,Surfer6@bmm,4844,320,6651,6651,631,NULL,1312573,1312573,1312573,1312606,LIMIT,BUY,1,93,2018-08-30T04:27:02.222,2018-08-30T04:27:39.104
choice-moving,Surfer10@bmm,4848,320,6651,6651,633,NULL,1312574,1312313,1312313,1312313,CANCEL,SELL,1,59,2018-08-30T04:27:02.574,2018-08-30T04:27:02.580
choice-moving,Surfer6@bmm,4844,320,6651,6651,632,NULL,1312575,1312468,1312468,1312468,CANCEL,BUY,1,87,2018-08-30T04:27:05.943,2018-08-30T04:27:05.949
choice-moving,Surfer14@bmm,4852,320,6651,6651,632,NULL,1312576,1312576,1312576,1312626,LIMIT,BUY,1,95,2018-08-30T04:27:06.246,2018-08-30T04:27:57.759
choice-moving,Surfer4@bmm,4842,320,6651,6651,631,NULL,1312577,1312577,1312577,1312593,LIMIT,BUY,2,93,2018-08-30T04:27:07.840,2018-08-30T04:27:25.351
choice-moving,Surfer16@bmm,4854,320,6651,6651,631,NULL,1312578,1312578,1312578,0,LIMIT,SELL,1,42,2018-08-30T04:27:09.223,2018-08-30T04:27:09.233
choice-moving,Surfer16@bmm,4854,320,6651,6651,631,NULL,1312579,1312578,1312578,1312564,LIMIT,SELL,1,93,2018-08-30T04:27:09.229,2018-08-30T04:27:09.233
choice-moving,Surfer6@bmm,4844,320,6651,6651,630,NULL,1312580,1312413,1312413,1312413,CANCEL,BUY,1,85,2018-08-30T04:27:09.358,2018-08-30T04:27:09.369
choice-moving,Surfer12@bmm,4850,320,6651,6651,633,NULL,1312581,1312581,1312581,NULL,LIMIT,SELL,1,9,2018-08-30T04:27:10.330,2018-08-30T04:27:10.333
choice-moving,Surfer10@bmm,4848,320,6651,6651,632,NULL,1312582,1312582,1312582,1312614,LIMIT,BUY,1,9,2018-08-30T04:27:11.776,2018-08-30T04:27:46.664
choice-moving,Surfer4@bmm,4842,320,6651,6651,630,NULL,1312583,1312583,1312583,1312617,LIMIT,BUY,1,97,2018-08-30T04:27:13.327,2018-08-30T04:27:49.559
choice-moving,Surfer15@bmm,4853,320,6651,6651,631,NULL,1312584,1312584,1312584,NULL,LIMIT,BUY,1,25,2018-08-30T04:27:13.719,2018-08-30T04:27:13.722
choice-moving,Surfer16@bmm,4854,320,6651,6651,631,NULL,1312585,1312585,1312585,NULL,LIMIT,BUY,1,42,2018-08-30T04:27:14.583,2018-08-30T04:27:14.586
choice-moving,Surfer18@bmm,4856,320,6651,6651,633,NULL,1312586,1312586,1312586,NULL,LIMIT,SELL,1,15,2018-08-30T04:27:15.570,2018-08-30T04:27:15.573
choice-moving,Surfer4@bmm,4842,320,6651,6651,632,NULL,1312587,1312527,1312527,1312527,CANCEL,BUY,1,91,2018-08-30T04:27:15.801,2018-08-30T04:27:15.806
choice-moving,Surfer14@bmm,4852,320,6651,6651,630,NULL,1312588,1312588,1312588,1312624,LIMIT,BUY,1,98,2018-08-30T04:27:17.045,2018-08-30T04:27:56.357
choice-moving,Surfer7@bmm,4845,320,6651,6651,633,NULL,1312589,1312589,1312589,1312611,LIMIT,SELL,1,5,2018-08-30T04:27:20.003,2018-08-30T04:27:42.714
choice-moving,Surfer19@bmm,4857,320,6651,6651,630,NULL,1312590,1312590,1312590,1312610,LIMIT,SELL,1,100,2018-08-30T04:27:21.030,2018-08-30T04:27:42.046
choice-moving,Surfer14@bmm,4852,320,6651,6651,631,NULL,1312591,1312591,1312591,1312620,LIMIT,BUY,3,94,2018-08-30T04:27:21.064,2018-08-30T04:27:53.033
choice-moving,Surfer4@bmm,4842,320,6651,6651,632,NULL,1312592,1312592,1312592,1312605,LIMIT,BUY,1,96,2018-08-30T04:27:22.775,2018-08-30T04:27:37.763
choice-moving,Surfer4@bmm,4842,320,6651,6651,631,NULL,1312593,1312577,1312577,1312577,CANCEL,BUY,2,93,2018-08-30T04:27:25.345,2018-08-30T04:27:25.351
choice-moving,Surfer5@bmm,4843,320,6651,6651,633,NULL,1312594,1312594,1312594,1312598,LIMIT,BUY,1,1,2018-08-30T04:27:28.010,2018-08-30T04:27:33.066
choice-moving,Surfer6@bmm,4844,320,6651,6651,632,NULL,1312595,1312595,1312595,1312604,LIMIT,BUY,1,97,2018-08-30T04:27:28.958,2018-08-30T04:27:37.747
choice-moving,Surfer1@bmm,4839,320,6651,6651,631,NULL,1312596,1312596,1312596,1312673,LIMIT,BUY,1,95,2018-08-30T04:27:30.824,2018-08-30T04:28:47.885
choice-moving,Surfer13@bmm,4851,320,6651,6651,632,NULL,1312597,1312597,1312597,NULL,LIMIT,BUY,1,21,2018-08-30T04:27:32.575,2018-08-30T04:27:32.577
choice-moving,Surfer5@bmm,4843,320,6651,6651,633,NULL,1312598,1312594,1312594,1312594,CANCEL,BUY,1,1,2018-08-30T04:27:33.060,2018-08-30T04:27:33.066
choice-moving,Surfer4@bmm,4842,320,6651,6651,631,NULL,1312599,1312599,1312599,1312619,LIMIT,BUY,1,96,2018-08-30T04:27:33.448,2018-08-30T04:27:51.302
choice-moving,Surfer1@bmm,4839,320,6651,6651,631,NULL,1312600,1312462,1312462,1312462,CANCEL,BUY,1,86,2018-08-30T04:27:34.910,2018-08-30T04:27:34.915
choice-moving,Surfer6@bmm,4844,320,6651,6651,631,NULL,1312601,1312601,1312601,NULL,LIMIT,BUY,1,99,2018-08-30T04:27:34.974,2018-08-30T04:27:34.977
choice-moving,Surfer6@bmm,4844,320,6651,6651,631,NULL,1312602,1312602,1312602,NULL,LIMIT,BUY,1,99,2018-08-30T04:27:36.584,2018-08-30T04:27:36.586
choice-moving,Surfer15@bmm,4853,320,6651,6651,632,NULL,1312603,1312603,1312603,0,LIMIT,SELL,1,15,2018-08-30T04:27:37.737,2018-08-30T04:27:37.747
choice-moving,Surfer15@bmm,4853,320,6651,6651,632,NULL,1312604,1312603,1312603,1312595,LIMIT,SELL,1,97,2018-08-30T04:27:37.743,2018-08-30T04:27:37.747
choice-moving,Surfer4@bmm,4842,320,6651,6651,632,NULL,1312605,1312592,1312592,1312592,CANCEL,BUY,1,96,2018-08-30T04:27:37.758,2018-08-30T04:27:37.763
choice-moving,Surfer6@bmm,4844,320,6651,6651,631,NULL,1312606,1312573,1312573,1312573,CANCEL,BUY,1,93,2018-08-30T04:27:39.096,2018-08-30T04:27:39.104
choice-moving,Surfer10@bmm,4848,320,6651,6651,633,NULL,1312607,1312607,1312607,NULL,LIMIT,SELL,1,9,2018-08-30T04:27:39.128,2018-08-30T04:27:39.131
choice-moving,Surfer6@bmm,4844,320,6651,6651,631,NULL,1312608,1312608,1312608,NULL,LIMIT,BUY,1,99,2018-08-30T04:27:40.503,2018-08-30T04:27:40.505
choice-moving,Surfer4@bmm,4842,320,6651,6651,632,NULL,1312609,1312609,1312609,1312613,LIMIT,BUY,1,96,2018-08-30T04:27:40.822,2018-08-30T04:27:43.524
choice-moving,Surfer19@bmm,4857,320,6651,6651,630,NULL,1312610,1312590,1312590,1312590,CANCEL,SELL,1,100,2018-08-30T04:27:42.040,2018-08-30T04:27:42.045
choice-moving,Surfer5@bmm,4843,320,6651,6651,633,NULL,1312611,1312611,1312611,1312589,LIMIT,BUY,1,5,2018-08-30T04:27:42.707,2018-08-30T04:27:42.714
choice-moving,Surfer15@bmm,4853,320,6651,6651,632,NULL,1312612,1312612,1312612,0,LIMIT,SELL,1,15,2018-08-30T04:27:43.514,2018-08-30T04:27:43.524
choice-moving,Surfer15@bmm,4853,320,6651,6651,632,NULL,1312613,1312612,1312612,1312609,LIMIT,SELL,1,96,2018-08-30T04:27:43.520,2018-08-30T04:27:43.524
choice-moving,Surfer10@bmm,4848,320,6651,6651,632,NULL,1312614,1312582,1312582,1312582,CANCEL,BUY,1,9,2018-08-30T04:27:46.656,2018-08-30T04:27:46.664
choice-moving,Surfer4@bmm,4842,320,6651,6651,630,NULL,1312615,1312615,1312615,1312622,LIMIT,BUY,1,99,2018-08-30T04:27:48.305,2018-08-30T04:27:53.874
choice-moving,Surfer5@bmm,4843,320,6651,6651,633,NULL,1312616,1312616,1312616,1312560,LIMIT,BUY,1,9,2018-08-30T04:27:49.002,2018-08-30T04:27:49.009
choice-moving,Surfer4@bmm,4842,320,6651,6651,630,NULL,1312617,1312583,1312583,1312583,CANCEL,BUY,1,97,2018-08-30T04:27:49.553,2018-08-30T04:27:49.559
choice-moving,Surfer6@bmm,4844,320,6651,6651,632,NULL,1312618,1312503,1312503,1312503,CANCEL,BUY,1,90,2018-08-30T04:27:51.174,2018-08-30T04:27:51.180
choice-moving,Surfer4@bmm,4842,320,6651,6651,631,NULL,1312619,1312599,1312599,1312599,CANCEL,BUY,1,96,2018-08-30T04:27:51.295,2018-08-30T04:27:51.302
choice-moving,Surfer14@bmm,4852,320,6651,6651,631,NULL,1312620,1312591,1312591,1312591,CANCEL,BUY,3,94,2018-08-30T04:27:53.027,2018-08-30T04:27:53.032
choice-moving,Surfer14@bmm,4852,320,6651,6651,631,NULL,1312621,1312591,1312591,1312621,CANCEL,BUY,3,94,2018-08-30T04:27:53.288,2018-08-30T04:27:53.294
choice-moving,Surfer19@bmm,4857,320,6651,6651,630,NULL,1312622,1312622,1312622,1312615,LIMIT,SELL,1,99,2018-08-30T04:27:53.867,2018-08-30T04:27:53.874
choice-moving,Surfer4@bmm,4842,320,6651,6651,630,NULL,1312623,1312623,1312623,NULL,LIMIT,BUY,1,99,2018-08-30T04:27:54.221,2018-08-30T04:27:54.224
choice-moving,Surfer14@bmm,4852,320,6651,6651,630,NULL,1312624,1312588,1312588,1312588,CANCEL,BUY,1,98,2018-08-30T04:27:56.350,2018-08-30T04:27:56.356
choice-moving,Surfer16@bmm,4854,320,6651,6651,632,NULL,1312625,1312625,1312625,NULL,LIMIT,BUY,1,0,2018-08-30T04:27:56.646,2018-08-30T04:27:56.649
choice-moving,Surfer14@bmm,4852,320,6651,6651,632,NULL,1312626,1312576,1312576,1312576,CANCEL,BUY,1,95,2018-08-30T04:27:57.753,2018-08-30T04:27:57.759
choice-moving,Surfer15@bmm,4853,320,6651,6651,630,NULL,1312627,1312627,1312627,1312638,LIMIT,BUY,1,100,2018-08-30T04:27:58.186,2018-08-30T04:28:03.663
choice-moving,Surfer7@bmm,4845,320,6651,6651,632,NULL,1312628,1312628,1312628,1312630,LIMIT,SELL,1,95,2018-08-30T04:27:59.200,2018-08-30T04:27:59.985
choice-moving,Surfer6@bmm,4844,320,6651,6651,632,NULL,1312629,1312629,1312629,0,LIMIT,BUY,1,96,2018-08-30T04:27:59.973,2018-08-30T04:27:59.984
choice-moving,Surfer6@bmm,4844,320,6651,6651,632,NULL,1312630,1312629,1312629,1312628,LIMIT,BUY,1,95,2018-08-30T04:27:59.981,2018-08-30T04:27:59.985
choice-moving,Surfer17@bmm,4855,320,6651,6651,632,NULL,1312631,1312631,1312631,NULL,LIMIT,BUY,1,91,2018-08-30T04:28:00.558,2018-08-30T04:28:00.561
choice-moving,Surfer14@bmm,4852,320,6651,6651,631,NULL,1312632,1312280,1312280,1312280,CANCEL,BUY,1,5,2018-08-30T04:28:02.057,2018-08-30T04:28:02.062
choice-moving,Surfer14@bmm,4852,320,6651,6651,631,NULL,1312633,1312279,1312279,1312279,CANCEL,BUY,1,4,2018-08-30T04:28:02.747,2018-08-30T04:28:02.752
choice-moving,Surfer14@bmm,4852,320,6651,6651,631,NULL,1312634,1312278,1312278,1312278,CANCEL,BUY,1,3,2018-08-30T04:28:03.162,2018-08-30T04:28:03.168
choice-moving,Surfer17@bmm,4855,320,6651,6651,632,NULL,1312635,1312635,1312635,NULL,LIMIT,BUY,1,92,2018-08-30T04:28:03.182,2018-08-30T04:28:03.184
choice-moving,Surfer14@bmm,4852,320,6651,6651,631,NULL,1312636,1312278,1312278,1312636,CANCEL,BUY,1,3,2018-08-30T04:28:03.410,2018-08-30T04:28:03.418
choice-moving,Surfer14@bmm,4852,320,6651,6651,631,NULL,1312637,1312277,1312277,1312277,CANCEL,BUY,1,2,2018-08-30T04:28:03.635,2018-08-30T04:28:03.643
choice-moving,Surfer19@bmm,4857,320,6651,6651,630,NULL,1312638,1312638,1312638,1312627,LIMIT,SELL,1,100,2018-08-30T04:28:03.652,2018-08-30T04:28:03.663
choice-moving,Surfer14@bmm,4852,320,6651,6651,631,NULL,1312639,1312277,1312277,1312639,CANCEL,BUY,1,2,2018-08-30T04:28:03.848,2018-08-30T04:28:03.854
choice-moving,Surfer4@bmm,4842,320,6651,6651,632,NULL,1312640,1312640,1312640,1312644,LIMIT,BUY,1,92,2018-08-30T04:28:03.884,2018-08-30T04:28:07.316
choice-moving,Surfer14@bmm,4852,320,6651,6651,631,NULL,1312641,1312275,1312275,1312275,CANCEL,BUY,1,1,2018-08-30T04:28:04.075,2018-08-30T04:28:04.082
choice-moving,Surfer17@bmm,4855,320,6651,6651,632,NULL,1312642,1312642,1312642,NULL,LIMIT,BUY,1,93,2018-08-30T04:28:04.811,2018-08-30T04:28:04.814
choice-moving,Surfer9@bmm,4847,320,6651,6651,632,NULL,1312643,1312643,1312643,1312660,LIMIT,BUY,1,99,2018-08-30T04:28:06.134,2018-08-30T04:28:22.266
choice-moving,Surfer4@bmm,4842,320,6651,6651,632,NULL,1312644,1312640,1312640,1312640,CANCEL,BUY,1,92,2018-08-30T04:28:07.309,2018-08-30T04:28:07.315
choice-moving,Surfer15@bmm,4853,320,6651,6651,630,NULL,1312645,1312645,1312645,1312653,LIMIT,BUY,1,100,2018-08-30T04:28:07.321,2018-08-30T04:28:15.186
choice-moving,Surfer3@bmm,4841,320,6651,6651,632,NULL,1312646,1312646,1312646,1312658,LIMIT,BUY,1,94,2018-08-30T04:28:09.739,2018-08-30T04:28:20.488
choice-moving,Surfer17@bmm,4855,320,6651,6651,632,NULL,1312647,1312647,1312647,NULL,LIMIT,BUY,1,94,2018-08-30T04:28:09.827,2018-08-30T04:28:09.830
choice-moving,Surfer14@bmm,4852,320,6651,6651,632,NULL,1312648,1312286,1312286,1312286,CANCEL,BUY,1,5,2018-08-30T04:28:11.806,2018-08-30T04:28:11.811
choice-moving,Surfer14@bmm,4852,320,6651,6651,632,NULL,1312649,1312286,1312286,1312649,CANCEL,BUY,1,5,2018-08-30T04:28:12.021,2018-08-30T04:28:12.027
choice-moving,Surfer14@bmm,4852,320,6651,6651,632,NULL,1312650,1312285,1312285,1312285,CANCEL,BUY,1,4,2018-08-30T04:28:13.156,2018-08-30T04:28:13.162
choice-moving,Surfer14@bmm,4852,320,6651,6651,632,NULL,1312651,1312284,1312284,1312284,CANCEL,BUY,1,3,2018-08-30T04:28:13.975,2018-08-30T04:28:13.982
choice-moving,Surfer14@bmm,4852,320,6651,6651,632,NULL,1312652,1312283,1312283,1312283,CANCEL,BUY,1,2,2018-08-30T04:28:14.441,2018-08-30T04:28:14.449
choice-moving,Surfer2@bmm,4840,320,6651,6651,630,NULL,1312653,1312653,1312653,1312645,LIMIT,SELL,1,100,2018-08-30T04:28:15.179,2018-08-30T04:28:15.185
choice-moving,Surfer14@bmm,4852,320,6651,6651,632,NULL,1312654,1312282,1312282,1312282,CANCEL,BUY,1,1,2018-08-30T04:28:16.419,2018-08-30T04:28:16.426
choice-moving,Surfer4@bmm,4842,320,6651,6651,632,NULL,1312655,1312655,1312655,1312677,LIMIT,BUY,1,99,2018-08-30T04:28:17.659,2018-08-30T04:28:58.232
choice-moving,Surfer16@bmm,4854,320,6651,6651,630,NULL,1312656,1312656,1312656,NULL,LIMIT,BUY,1,5,2018-08-30T04:28:18.176,2018-08-30T04:28:18.179
choice-moving,Surfer13@bmm,4851,320,6651,6651,632,NULL,1312657,1312657,1312657,NULL,LIMIT,BUY,1,43,2018-08-30T04:28:19.200,2018-08-30T04:28:19.202
choice-moving,Surfer3@bmm,4841,320,6651,6651,632,NULL,1312658,1312646,1312646,1312646,CANCEL,BUY,1,94,2018-08-30T04:28:20.482,2018-08-30T04:28:20.488
choice-moving,Surfer7@bmm,4845,320,6651,6651,632,NULL,1312659,1312659,1312659,0,LIMIT,SELL,1,95,2018-08-30T04:28:22.255,2018-08-30T04:28:22.265
choice-moving,Surfer7@bmm,4845,320,6651,6651,632,NULL,1312660,1312659,1312659,1312643,LIMIT,SELL,1,99,2018-08-30T04:28:22.262,2018-08-30T04:28:22.266
choice-moving,Surfer15@bmm,4853,320,6651,6651,630,NULL,1312661,1312661,1312661,NULL,LIMIT,BUY,1,70,2018-08-30T04:28:23.144,2018-08-30T04:28:23.147
choice-moving,Surfer5@bmm,4843,320,6651,6651,633,NULL,1312662,1312662,1312662,1312666,LIMIT,SELL,2,9,2018-08-30T04:28:29.183,2018-08-30T04:28:36.463
choice-moving,Surfer16@bmm,4854,320,6651,6651,631,NULL,1312663,1312663,1312663,NULL,LIMIT,BUY,1,25,2018-08-30T04:28:31.159,2018-08-30T04:28:31.162
choice-moving,Surfer19@bmm,4857,320,6651,6651,632,NULL,1312664,1312664,1312664,1312674,LIMIT,SELL,1,100,2018-08-30T04:28:33.565,2018-08-30T04:28:53.467
choice-moving,Surfer16@bmm,4854,320,6651,6651,631,NULL,1312665,1312665,1312665,NULL,LIMIT,BUY,2,25,2018-08-30T04:28:36.322,2018-08-30T04:28:36.324
choice-moving,Surfer5@bmm,4843,320,6651,6651,633,NULL,1312666,1312662,1312662,1312662,CANCEL,SELL,2,9,2018-08-30T04:28:36.456,2018-08-30T04:28:36.463
choice-moving,Surfer15@bmm,4853,320,6651,6651,631,NULL,1312667,1312667,1312667,NULL,LIMIT,BUY,1,40,2018-08-30T04:28:36.589,2018-08-30T04:28:36.591
choice-moving,Surfer14@bmm,4852,320,6651,6651,633,NULL,1312668,1312668,1312668,NULL,LIMIT,SELL,10,1,2018-08-30T04:28:37.085,2018-08-30T04:28:37.088
choice-moving,Surfer8@bmm,4846,320,6651,6651,633,NULL,1312669,1312669,1312669,NULL,LIMIT,SELL,1,5,2018-08-30T04:28:37.509,2018-08-30T04:28:37.512
choice-moving,Surfer5@bmm,4843,320,6651,6651,633,NULL,1312670,1312670,1312670,1312672,LIMIT,SELL,1,9,2018-08-30T04:28:39.767,2018-08-30T04:28:44.248
choice-moving,Surfer1@bmm,4839,320,6651,6651,630,NULL,1312671,1312493,1312493,1312493,CANCEL,BUY,1,88,2018-08-30T04:28:44.048,2018-08-30T04:28:44.054
choice-moving,Surfer5@bmm,4843,320,6651,6651,633,NULL,1312672,1312670,1312670,1312670,CANCEL,SELL,1,9,2018-08-30T04:28:44.242,2018-08-30T04:28:44.248
choice-moving,Surfer1@bmm,4839,320,6651,6651,631,NULL,1312673,1312596,1312596,1312596,CANCEL,BUY,1,95,2018-08-30T04:28:47.879,2018-08-30T04:28:47.884
choice-moving,Surfer19@bmm,4857,320,6651,6651,632,NULL,1312674,1312664,1312664,1312664,CANCEL,SELL,1,100,2018-08-30T04:28:53.461,2018-08-30T04:28:53.467
choice-moving,Surfer5@bmm,4843,320,6651,6651,633,NULL,1312675,1312675,1312675,NULL,LIMIT,SELL,1,1,2018-08-30T04:28:56.597,2018-08-30T04:28:56.599
choice-moving,Surfer5@bmm,4843,320,6651,6651,633,NULL,1312676,1312676,1312676,NULL,LIMIT,SELL,1,1,2018-08-30T04:28:58.179,2018-08-30T04:28:58.182
choice-moving,Surfer19@bmm,4857,320,6651,6651,632,NULL,1312677,1312677,1312677,1312655,LIMIT,SELL,1,99,2018-08-30T04:28:58.224,2018-08-30T04:28:58.231
choice-moving,Surfer4@bmm,4842,320,6651,6651,633,NULL,1312678,1312307,1312307,1312307,CANCEL,SELL,1,78,2018-08-30T04:29:10.381,2018-08-30T04:29:10.387